12|12|22|2.01999999999999990E+001|2005
20|20|52|2.08000000000000010E+001|2005
47|47|6|4.05000000000000000E+001|2005
55|55|34|6.08999999999999990E+001|2005
65|65|315|4.07999999999999970E+001|2005
89|89|359|4.07000000000000030E+001|2005
98|98|40|3.06000000000000010E+001|2005
122|122|10|6.01000000000000010E+001|2005
142|142|314|3.08000000000000010E+001|2005
150|150|25|5.02000000000000030E+001|2005
173|173|626|8.05000000000000000E+001|2005
181|181|307|7.07999999999999970E+001|2005
195|195|352|0.00000000000000000E+000|2005
219|219|642|6.03999999999999990E+001|2005
224|224|52|6.06000000000000010E+001|2005
248|248|242|4.06000000000000010E+001|2005
264|264|612|6.07000000000000030E+001|2005
272|272|360|9.05999999999999940E+001|2005
299|299|307|0.00000000000000000E+000|2005
307|307|312|4.02999999999999970E+001|2005
325|325|325|1.08000000000000010E+001|2005
349|349|151|3.00000000000000000E+001|2005
358|358|21|2.00000000000000000E+001|2005
382|382|249|6.05000000000000000E+001|2005
394|394|182|1.01000000000000000E+001|2005
402|402|204|7.09000000000000060E+001|2005
425|425|164|2.08000000000000010E+001|2005
433|433|206|7.07000000000000030E+001|2005
455|455|35|1.01999999999999990E+001|2005
479|479|218|2.03999999999999990E+001|2005
484|484|199|6.06000000000000010E+001|2005
508|508|69|1.09000000000000000E+001|2005
527|527|70|9.09000000000000060E+001|2005
535|535|337|6.06000000000000010E+001|2005
556|556|237|2.01000000000000010E+001|2005
564|564|247|2.03000000000000010E+001|2005
578|578|194|2.06000000000000010E+001|2005
602|602|209|2.03999999999999990E+001|2005
609|609|217|0.00000000000000000E+000|2005
633|633|51|2.03000000000000010E+001|2005
653|653|68|3.01999999999999990E+001|2005
661|661|60|8.07999999999999970E+001|2005
686|686|545|2.05000000000000000E+001|2005
694|694|50|3.06000000000000010E+001|2005
704|704|331|1.01999999999999990E+001|2005
728|728|343|4.06000000000000010E+001|2005
739|739|59|7.07000000000000030E+001|2005
763|763|19|8.00000000000000040E-001|2005
779|779|638|0.00000000000000000E+000|2005
787|787|634|6.06000000000000010E+001|2005
808|808|343|5.08999999999999990E+001|2005
816|816|642|7.00999999999999940E+001|2005
838|838|360|8.00000000000000040E-001|2005
862|862|71|2.03999999999999990E+001|2005
869|869|68|1.01000000000000000E+001|2005
893|893|14|4.00000000000000020E-001|2005
905|905|34|9.05999999999999940E+001|2005
913|913|27|6.01000000000000010E+001|2005
938|938|548|6.99999999999999960E-001|2005
946|946|311|5.05000000000000000E+001|2005
964|964|2|1.01000000000000000E+001|2005
988|988|38|6.05000000000000000E+001|2005
999|999|24|6.02999999999999970E+001|2005
1023|1023|553|3.03000000000000010E+001|2008
1034|1034|611|7.02000000000000030E+001|2008
1042|1042|627|4.03999999999999990E+001|2008
1065|1065|539|4.03999999999999990E+001|2008
1073|1073|334|9.04000000000000060E+001|2008
1095|1095|335|4.02999999999999970E+001|2008
1119|1119|298|8.07999999999999970E+001|2008
1124|1124|275|7.07000000000000030E+001|2008
1148|1148|50|2.00000000000000000E+001|2008
1160|1160|71|6.07000000000000030E+001|2008
1168|1168|637|3.03000000000000010E+001|2008
1195|1195|361|2.01999999999999990E+001|2008
1203|1203|66|2.01000000000000010E+001|2008
1221|1221|217|4.02000000000000030E+001|2008
1245|1245|14|7.07000000000000030E+001|2008
1254|1254|12|1.00000000000000010E-001|2008
1278|1278|237|2.05000000000000000E+001|2008
1294|1294|233|7.05000000000000000E+001|2008
1302|1302|223|2.01999999999999990E+001|2008
1325|1325|147|7.09000000000000060E+001|2008
1333|1333|193|6.06000000000000010E+001|2008
1347|1347|15|2.01000000000000010E+001|2008
1371|1371|15|5.00000000000000000E+001|2008
1376|1376|226|5.06000000000000010E+001|2008
1400|1400|156|2.06000000000000010E+001|2008
1420|1420|611|5.07000000000000030E+001|2008
1428|1428|359|8.05000000000000000E+001|2008
1455|1455|611|0.00000000000000000E+000|2008
1463|1463|178|5.99999999999999980E-001|2008
1473|1473|215|4.03999999999999990E+001|2008
1497|1497|238|4.07000000000000030E+001|2008
1506|1506|269|3.01000000000000010E+001|2008
1530|1530|299|5.99999999999999980E-001|2008
1545|1545|168|5.02999999999999970E+001|2008
1553|1553|182|4.03999999999999990E+001|2008
1578|1578|5|2.08999999999999990E+001|2008
1586|1586|31|8.05999999999999940E+001|2008
1604|1604|265|7.07000000000000030E+001|2008
1628|1628|255|9.00999999999999940E+001|2008
1639|1639|131|8.05000000000000000E+001|2008
1663|1663|199|7.00999999999999940E+001|2008
1675|1675|26|6.06000000000000010E+001|2008
1683|1683|36|2.00000000000000010E-001|2008
1704|1704|6|1.06000000000000000E+001|2008
1712|1712|211|6.99999999999999960E-001|2008
1734|1734|252|1.01000000000000000E+001|2008
1758|1758|614|5.07000000000000030E+001|2008
1765|1765|642|4.07000000000000030E+001|2008
1789|1789|307|2.00000000000000000E+001|2008
1805|1805|190|0.00000000000000000E+000|2008
1813|1813|224|7.02999999999999970E+001|2008
1838|1838|120|9.00999999999999940E+001|2008
1846|1846|161|1.05000000000000000E+001|2008
1856|1856|243|9.09000000000000060E+001|2008
1880|1880|338|7.07000000000000030E+001|2008
1891|1891|347|2.06999999999999990E+001|2008
1915|1915|60|9.05000000000000000E+001|2008
1935|1935|336|7.09000000000000060E+001|2008
1943|1943|315|5.00000000000000000E+001|2008
1964|1964|546|2.99999999999999990E-001|2008
1972|1972|310|3.03000000000000010E+001|2008
1986|1986|337|0.00000000000000000E+000|2008
2010|2010|35|8.05000000000000000E+001|2009
2017|2017|644|9.00000000000000020E-001|2009
2041|2041|22|2.00000000000000010E-001|2009
2048|2048|39|8.05000000000000000E+001|2009
2072|2072|69|6.06000000000000010E+001|2009
2083|2083|33|8.07999999999999970E+001|2009
2107|2107|7|7.02999999999999970E+001|2009
2125|2125|24|3.03000000000000010E+001|2009
2133|2133|18|4.02000000000000030E+001|2009
2158|2158|29|2.01000000000000010E+001|2009
2166|2166|334|7.07000000000000030E+001|2009
2178|2178|545|9.09000000000000060E+001|2009
2202|2202|66|8.04000000000000060E+001|2009
2209|2209|311|6.02000000000000030E+001|2009
2233|2233|543|8.00000000000000040E-001|2009
2255|2255|260|7.09000000000000060E+001|2009
2263|2263|240|0.00000000000000000E+000|2009
2284|2284|543|7.07000000000000030E+001|2009
2292|2292|481|2.06999999999999990E+001|2009
2308|2308|315|8.02000000000000030E+001|2009
2332|2332|329|7.02000000000000030E+001|2009
2343|2343|312|9.00999999999999940E+001|2009
2367|2367|71|6.08999999999999990E+001|2009
2377|2377|311|7.07000000000000030E+001|2009
2385|2385|611|4.01000000000000010E+001|2009
2410|2410|224|1.01000000000000000E+001|2009
2418|2418|337|2.99999999999999990E-001|2009
2438|2438|632|3.01999999999999990E+001|2009
2462|2462|368|8.05999999999999940E+001|2009
2469|2469|547|5.07000000000000030E+001|2009
2493|2493|301|1.01000000000000000E+001|2009
2507|2507|226|7.02000000000000030E+001|2009
2515|2515|115|3.08999999999999990E+001|2009
2536|2536|238|8.05999999999999940E+001|2009
2544|2544|158|1.06000000000000000E+001|2009
2563|2563|261|9.05000000000000000E+001|2009
2587|2587|238|4.03999999999999990E+001|2009
2592|2592|278|6.08999999999999990E+001|2009
2616|2616|18|5.05000000000000000E+001|2009
2638|2638|19|3.03000000000000010E+001|2009
2646|2646|24|0.00000000000000000E+000|2009
2669|2669|2|9.00000000000000020E-001|2009
2677|2677|270|7.00000000000000000E+001|2009
2689|2689|264|6.06000000000000010E+001|2009
2713|2713|536|7.05999999999999940E+001|2009
2722|2722|631|9.00999999999999940E+001|2009
2746|2746|545|3.03000000000000010E+001|2009
2764|2764|648|9.02999999999999970E+001|2009
2772|2772|147|6.00000000000000000E+001|2009
2799|2799|274|9.04000000000000060E+001|2009
2807|2807|225|7.00000000000000000E+001|2009
2823|2823|117|6.07999999999999970E+001|2009
2847|2847|261|2.00000000000000000E+001|2009
2852|2852|60|6.06000000000000010E+001|2009
2876|2876|316|2.01999999999999990E+001|2009
2890|2890|543|9.09000000000000060E+001|2009
2898|2898|612|5.06000000000000010E+001|2009
2921|2921|66|2.01999999999999990E+001|2009
2929|2929|642|3.08000000000000010E+001|2009
2949|2949|299|9.05000000000000000E+001|2009
2973|2973|30|6.06000000000000010E+001|2009
2982|2982|31|1.01000000000000000E+001|2009
3006|3006|355|1.00000000000000010E-001|2010
3016|3016|39|9.02999999999999970E+001|2010
3024|3024|311|3.03000000000000010E+001|2010
3051|3051|28|8.09000000000000060E+001|2010
3059|3059|20|6.07000000000000030E+001|2010
3078|3078|62|6.02999999999999970E+001|2010
3102|3102|10|6.08999999999999990E+001|2010
3109|3109|54|5.99999999999999980E-001|2010
3133|3133|39|9.02000000000000030E+001|2010
3147|3147|238|4.07999999999999970E+001|2010
3155|3155|213|6.07999999999999970E+001|2010
3176|3176|234|2.05000000000000000E+001|2010
3184|3184|260|3.03000000000000010E+001|2010
3204|3204|220|8.07999999999999970E+001|2010
3228|3228|9|4.03999999999999990E+001|2010
3239|3239|19|1.01000000000000000E+001|2010
3263|3263|13|3.06000000000000010E+001|2010
3273|3273|633|7.07999999999999970E+001|2010
3281|3281|611|8.07999999999999970E+001|2010
3306|3306|4|3.08999999999999990E+001|2010
3314|3314|13|9.09000000000000060E+001|2010
3330|3330|301|3.08000000000000010E+001|2010
3354|3354|68|3.08999999999999990E+001|2010
3361|3361|339|9.05999999999999940E+001|2010
3385|3385|638|4.05000000000000000E+001|2010
3407|3407|299|3.06999999999999990E+001|2010
3415|3415|312|9.07999999999999970E+001|2010
3436|3436|331|7.07000000000000030E+001|2010
3444|3444|339|2.03000000000000010E+001|2010
3456|3456|53|9.09000000000000060E+001|2010
3480|3480|385|4.02999999999999970E+001|2010
3491|3491|312|8.05000000000000000E+001|2010
3515|3515|299|2.06000000000000010E+001|2010
3533|3533|216|2.01999999999999990E+001|2010
3541|3541|257|1.01000000000000000E+001|2010
3566|3566|343|6.02999999999999970E+001|2010
3574|3574|552|4.00000000000000000E+001|2010
3589|3589|635|4.05000000000000000E+001|2010
3613|3613|300|5.05000000000000000E+001|2010
3622|3622|545|6.05000000000000000E+001|2010
3646|3646|326|1.01000000000000000E+001|2010
3656|3656|71|6.02000000000000030E+001|2010
3664|3664|310|2.05000000000000000E+001|2010
3691|3691|117|8.09000000000000060E+001|2010
3699|3699|166|5.05000000000000000E+001|2010
3719|3719|155|9.04000000000000060E+001|2010
3743|3743|336|1.05000000000000000E+001|2010
3748|3748|331|6.02000000000000030E+001|2010
3772|3772|249|4.03999999999999990E+001|2010
3786|3786|208|5.05000000000000000E+001|2010
3794|3794|245|0.00000000000000000E+000|2010
3817|3817|241|5.08999999999999990E+001|2010
3825|3825|117|5.00000000000000000E-001|2010
3841|3841|277|5.05000000000000000E+001|2010
3865|3865|276|6.03999999999999990E+001|2010
3874|3874|336|6.02000000000000030E+001|2010
3898|3898|49|2.06999999999999990E+001|2010
3916|3916|553|4.03999999999999990E+001|2010
3924|3924|187|2.08999999999999990E+001|2010
3951|3951|267|3.03000000000000010E+001|2010
3959|3959|242|3.03999999999999990E+001|2010
3971|3971|258|1.03000000000000010E+001|2010
3995|3995|224|5.02000000000000030E+001|2010
4000|4000|261|5.02999999999999970E+001|2006
6011|6011|361|8.07999999999999970E+001|2001
6031|6031|338|6.00000000000000000E+001|2001
6039|6039|312|0.00000000000000000E+000|2001
6060|6060|13|3.03000000000000010E+001|2001
6068|6068|39|8.09000000000000060E+001|2001
6082|6082|187|4.07000000000000030E+001|2001
6106|6106|267|6.07000000000000030E+001|2001
6113|6113|238|2.01999999999999990E+001|2001
6137|6137|536|6.02999999999999970E+001|2001
6144|6144|59|5.00000000000000000E+001|2001
6168|6168|611|7.07000000000000030E+001|2001
6179|6179|300|6.03999999999999990E+001|2001
6203|6203|241|2.99999999999999990E-001|2001
6221|6221|165|1.01000000000000000E+001|2001
6229|6229|32|5.03999999999999990E+001|2001
6254|6254|13|1.01000000000000000E+001|2001
6262|6262|648|6.06000000000000010E+001|2001
6274|6274|536|1.00000000000000000E+001|2001
6298|6298|8|2.08999999999999990E+001|2001
6305|6305|23|3.08000000000000010E+001|2001
6329|6329|40|6.06000000000000010E+001|2001
6351|6351|14|3.03000000000000010E+001|2001
6359|6359|383|1.01000000000000000E+001|2001
6380|6380|547|2.05000000000000000E+001|2001
6388|6388|53|6.02000000000000030E+001|2001
6404|6404|55|5.07000000000000030E+001|2001
6428|6428|325|7.04000000000000060E+001|2001
6439|6439|612|3.06999999999999990E+001|2001
6463|6463|339|7.02000000000000030E+001|2001
6473|6473|302|5.05000000000000000E+001|2001
6481|6481|339|9.00000000000000000E+001|2001
6506|6506|644|2.06999999999999990E+001|2001
6514|6514|26|7.07000000000000030E+001|2001
6534|6534|609|8.04000000000000060E+001|2001
6558|6558|545|4.02999999999999970E+001|2001
6565|6565|612|9.05000000000000000E+001|2001
6589|6589|616|5.02000000000000030E+001|2001
6603|6603|301|5.02000000000000030E+001|2001
6611|6611|359|3.01999999999999990E+001|2001
6632|6632|147|5.05000000000000000E+001|2001
6640|6640|247|3.03000000000000010E+001|2001
6659|6659|368|2.05000000000000000E+001|2001
6683|6683|609|1.05000000000000000E+001|2001
6688|6688|634|2.00000000000000010E-001|2001
6712|6712|202|5.00000000000000000E+001|2001
6734|6734|7|2.01999999999999990E+001|2001
6742|6742|115|7.07999999999999970E+001|2001
6765|6765|144|2.01999999999999990E+001|2001
6773|6773|255|8.07000000000000030E+001|2001
6785|6785|160|5.06000000000000010E+001|2001
6809|6809|279|2.01000000000000010E+001|2001
6818|6818|159|4.01000000000000010E+001|2001
6842|6842|247|6.08999999999999990E+001|2001
6860|6860|336|1.00000000000000000E+001|2001
6868|6868|66|5.05000000000000000E+001|2001
6895|6895|207|4.07000000000000030E+001|2001
6903|6903|177|2.01999999999999990E+001|2001
6919|6919|16|3.03000000000000010E+001|2001
6943|6943|121|4.00000000000000020E-001|2001
6948|6948|159|2.06999999999999990E+001|2001
6972|6972|215|8.05000000000000000E+001|2001
6986|6986|168|4.00000000000000000E+001|2001
6994|6994|147|5.02000000000000030E+001|2001
7017|7017|223|8.02999999999999970E+001|2002
7025|7025|276|9.09000000000000060E+001|2002
7045|7045|246|2.01999999999999990E+001|2002
7069|7069|385|8.02000000000000030E+001|2002
7078|7078|49|7.02999999999999970E+001|2002
7102|7102|347|9.09000000000000060E+001|2002
7112|7112|339|5.01000000000000010E+001|2002
7120|7120|310|9.00000000000000020E-001|2002
7147|7147|147|6.06000000000000010E+001|2002
7155|7155|153|2.08000000000000010E+001|2002
7174|7174|250|3.05000000000000000E+001|2002
7198|7198|3|2.08000000000000010E+001|2002
7205|7205|26|3.03000000000000010E+001|2002
7229|7229|368|2.05000000000000000E+001|2002
7243|7243|10|5.03999999999999990E+001|2002
7251|7251|34|4.03999999999999990E+001|2002
7272|7272|12|8.05999999999999940E+001|2002
7280|7280|19|6.08999999999999990E+001|2002
7300|7300|27|4.08999999999999990E+001|2002
7324|7324|614|7.07000000000000030E+001|2002
7335|7335|28|8.02000000000000030E+001|2002
7359|7359|315|7.07000000000000030E+001|2002
7369|7369|49|5.02000000000000030E+001|2002
7377|7377|347|6.08999999999999990E+001|2002
7402|7402|53|9.05999999999999940E+001|2002
7410|7410|298|7.00999999999999940E+001|2002
7426|7426|316|5.07000000000000030E+001|2002
7450|7450|49|5.00000000000000000E+001|2002
7457|7457|326|8.00000000000000000E+001|2002
7481|7481|302|0.00000000000000000E+000|2002
7503|7503|307|9.00999999999999940E+001|2002
7511|7511|383|9.09000000000000060E+001|2002
7532|7532|329|1.09000000000000000E+001|2002
7540|7540|326|2.00000000000000000E+001|2002
7552|7552|616|6.05000000000000000E+001|2002
7576|7576|315|3.08999999999999990E+001|2002
7587|7587|326|9.00999999999999940E+001|2002
7611|7611|311|9.09000000000000060E+001|2002
7629|7629|180|2.03000000000000010E+001|2002
7637|7637|156|5.05000000000000000E+001|2002
7662|7662|638|9.00000000000000000E+001|2002
7670|7670|352|2.01999999999999990E+001|2002
7685|7685|372|0.00000000000000000E+000|2002
7709|7709|9|6.99999999999999960E-001|2002
7718|7718|38|1.09000000000000000E+001|2002
7742|7742|35|6.01000000000000010E+001|2002
7752|7752|299|1.01999999999999990E+001|2002
7760|7760|66|9.09000000000000060E+001|2002
7787|7787|298|4.07999999999999970E+001|2002
7795|7795|337|2.00000000000000000E+001|2002
7815|7815|616|1.00000000000000000E+001|2002
7839|7839|372|5.02000000000000030E+001|2002
7844|7844|536|9.02000000000000030E+001|2002
7868|7868|545|5.06000000000000010E+001|2002
7882|7882|546|7.02999999999999970E+001|2002
7890|7890|627|4.05000000000000000E+001|2002
7913|7913|626|8.02999999999999970E+001|2002
7921|7921|355|4.02000000000000030E+001|2002
7937|7937|385|4.01000000000000010E+001|2002
7961|7961|347|8.02999999999999970E+001|2002
7970|7970|626|5.05000000000000000E+001|2002
7994|7994|299|1.01000000000000000E+001|2002
8012|8012|326|2.00000000000000000E+001|2003
8020|8020|352|9.04000000000000060E+001|2003
8047|8047|158|8.00000000000000000E+001|2003
8055|8055|260|6.06000000000000010E+001|2003
8067|8067|238|4.07000000000000030E+001|2003
8091|8091|9|9.09000000000000060E+001|2003
8096|8096|3|0.00000000000000000E+000|2003
8120|8120|614|3.00000000000000000E+001|2003
8142|8142|638|6.06000000000000010E+001|2003
8150|8150|612|8.00000000000000040E-001|2003
8173|8173|250|2.01999999999999990E+001|2003
8181|8181|205|3.03000000000000010E+001|2003
8204|8204|300|1.00000000000000000E+001|2003
8212|8212|334|2.03000000000000010E+001|2003
8239|8239|633|1.01999999999999990E+001|2003
8247|8247|618|2.01999999999999990E+001|2003
8257|8257|196|5.99999999999999980E-001|2003
8281|8281|193|5.05000000000000000E+001|2003
8290|8290|174|6.06000000000000010E+001|2003
8314|8314|184|2.03999999999999990E+001|2003
8334|8334|133|3.03000000000000010E+001|2003
8342|8342|263|3.05000000000000000E+001|2003
8365|8365|167|7.07000000000000030E+001|2003
8373|8373|221|5.05000000000000000E+001|2003
8387|8387|183|4.00000000000000020E-001|2003
8411|8411|627|1.01000000000000000E+001|2003
8416|8416|131|0.00000000000000000E+000|2003
8440|8440|115|6.02000000000000030E+001|2003
8456|8456|241|7.00000000000000000E+001|2003
8464|8464|218|3.01999999999999990E+001|2003
8491|8491|204|5.00000000000000000E+001|2003
8499|8499|271|3.03000000000000010E+001|2003
8517|8517|207|9.09000000000000060E+001|2003
8541|8541|623|5.05000000000000000E+001|2003
8550|8550|627|6.06000000000000010E+001|2003
8574|8574|23|7.04000000000000060E+001|2003
8586|8586|31|4.03999999999999990E+001|2003
8594|8594|22|6.06000000000000010E+001|2003
8617|8617|31|1.01000000000000000E+001|2003
8625|8625|14|8.02000000000000030E+001|2003
8647|8647|53|4.02000000000000030E+001|2003
8671|8671|301|8.07999999999999970E+001|2003
8676|8676|33|3.03000000000000010E+001|2003
8700|8700|641|1.01999999999999990E+001|2003
8719|8719|545|6.00000000000000000E+001|2003
8727|8727|49|5.00000000000000000E-001|2003
8748|8748|311|9.00000000000000000E+001|2003
8756|8756|641|3.03000000000000010E+001|2003
8770|8770|337|9.09000000000000060E+001|2003
8794|8794|8|7.07000000000000030E+001|2003
8801|8801|339|7.02999999999999970E+001|2003
8825|8825|609|5.99999999999999980E-001|2003
8845|8845|59|6.06000000000000010E+001|2003
8853|8853|626|0.00000000000000000E+000|2003
8878|8878|307|1.03000000000000010E+001|2003
8886|8886|609|9.09000000000000060E+001|2003
8896|8896|301|4.05000000000000000E+001|2003
8920|8920|265|4.06000000000000010E+001|2003
8931|8931|149|0.00000000000000000E+000|2003
8955|8955|34|7.07000000000000030E+001|2003
8971|8971|27|7.07000000000000030E+001|2003
8979|8979|39|3.01000000000000010E+001|2003
9000|9000|331|8.02999999999999970E+001|2006
9008|9008|71|7.07000000000000030E+001|2008
9030|9030|338|4.00000000000000020E-001|2008
9054|9054|234|5.02999999999999970E+001|2008
9061|9061|267|3.01000000000000010E+001|2008
9085|9085|69|4.01000000000000010E+001|2008
9097|9097|64|2.03999999999999990E+001|2008
9105|9105|49|1.06000000000000000E+001|2008
9130|9130|536|2.08999999999999990E+001|2008
9138|9138|135|9.00000000000000000E+001|2008
9156|9156|6|3.05000000000000000E+001|2008
9180|9180|271|2.00000000000000010E-001|2008
9191|9191|631|9.00000000000000020E-001|2008
9215|9215|25|5.05000000000000000E+001|2008
9226|9226|19|3.03000000000000010E+001|2008
9234|9234|16|0.00000000000000000E+000|2008
9257|9257|36|5.02000000000000030E+001|2008
9265|9265|28|8.05999999999999940E+001|2008
9287|9287|298|4.02999999999999970E+001|2008
9311|9311|337|9.00999999999999940E+001|2008
9316|9316|644|7.07999999999999970E+001|2008
9340|9340|337|4.08999999999999990E+001|2008
9352|9352|298|1.00000000000000000E+001|2008
9360|9360|298|0.00000000000000000E+000|2008
9387|9387|335|2.06999999999999990E+001|2008
9395|9395|631|7.05000000000000000E+001|2008
9413|9413|374|5.05000000000000000E+001|2008
9437|9437|352|6.06000000000000010E+001|2008
9446|9446|5|4.03999999999999990E+001|2008
9470|9470|536|8.07999999999999970E+001|2008
9486|9486|338|8.07999999999999970E+001|2008
9494|9494|545|0.00000000000000000E+000|2008
9517|9517|383|9.09000000000000060E+001|2008
9525|9525|539|2.06000000000000010E+001|2008
9539|9539|642|2.08999999999999990E+001|2008
9563|9563|237|5.05000000000000000E+001|2008
9568|9568|259|3.06999999999999990E+001|2008
9592|9592|150|4.03999999999999990E+001|2008
9612|9612|16|4.03999999999999990E+001|2008
9620|9620|37|9.00999999999999940E+001|2008
9647|9647|553|7.07000000000000030E+001|2008
9655|9655|347|5.00000000000000000E+001|2008
9665|9665|611|9.00000000000000000E+001|2008
9689|9689|616|9.09000000000000060E+001|2008
9698|9698|300|2.01999999999999990E+001|2008
9722|9722|236|4.07000000000000030E+001|2008
9737|9737|57|1.04000000000000000E+001|2008
9745|9745|298|6.06000000000000010E+001|2008
9770|9770|626|8.02000000000000030E+001|2008
9778|9778|536|4.07999999999999970E+001|2008
9796|9796|213|5.00000000000000000E+001|2008
9820|9820|13|8.04000000000000060E+001|2008
9831|9831|115|7.07000000000000030E+001|2008
9855|9855|131|8.05999999999999940E+001|2008
9867|9867|241|3.03999999999999990E+001|2008
9875|9875|151|9.02000000000000030E+001|2008
9896|9896|204|5.07999999999999970E+001|2008
9904|9904|128|1.03000000000000010E+001|2008
9926|9926|189|6.01000000000000010E+001|2008
9950|9950|236|5.99999999999999980E-001|2008
9957|9957|211|5.01000000000000010E+001|2008
9981|9981|161|9.00000000000000000E+001|2008
9997|9997|25|2.01999999999999990E+001|2008
10005|10005|224|9.00000000000000020E-001|2006
10030|10030|175|4.06000000000000010E+001|2006
10038|10038|160|3.00000000000000000E+001|2006
10048|10048|173|2.06999999999999990E+001|2006
10072|10072|260|4.08999999999999990E+001|2006
10083|10083|131|3.06999999999999990E+001|2006
10107|10107|244|3.03000000000000010E+001|2006
10127|10127|196|2.00000000000000000E+001|2006
10135|10135|255|0.00000000000000000E+000|2006
10156|10156|336|1.06000000000000000E+001|2006
10164|10164|298|2.00000000000000010E-001|2006
10178|10178|21|8.00999999999999940E+001|2006
10202|10202|4|4.05000000000000000E+001|2006
10209|10209|39|2.00000000000000000E+001|2006
10233|10233|8|3.01000000000000010E+001|2006
10240|10240|30|1.01000000000000000E+001|2006
10264|10264|49|7.02000000000000030E+001|2006
10275|10275|347|6.07999999999999970E+001|2006
10299|10299|543|9.02000000000000030E+001|2006
10317|10317|358|8.02999999999999970E+001|2006
10325|10325|300|7.07000000000000030E+001|2006
10350|10350|54|7.07000000000000030E+001|2006
10358|10358|616|9.09000000000000060E+001|2006
10370|10370|359|1.01000000000000000E+001|2006
10394|10394|33|3.00000000000000000E+001|2006
10401|10401|50|4.07999999999999970E+001|2006
10425|10425|316|8.02000000000000030E+001|2006
10447|10447|68|5.07000000000000030E+001|2006
10455|10455|311|4.00000000000000020E-001|2006
10476|10476|314|2.01000000000000010E+001|2006
10484|10484|637|9.07000000000000030E+001|2006
10500|10500|358|3.03000000000000010E+001|2006
10524|10524|175|9.05999999999999940E+001|2006
10535|10535|250|3.06999999999999990E+001|2006
10559|10559|4|5.07999999999999970E+001|2006
10569|10569|23|8.07999999999999970E+001|2006
10577|10577|546|4.02999999999999970E+001|2006
10602|10602|360|6.07000000000000030E+001|2006
10610|10610|307|3.01000000000000010E+001|2006
10630|10630|52|5.00000000000000000E-001|2006
10654|10654|361|9.05000000000000000E+001|2006
10661|10661|339|2.00000000000000000E+001|2006
10685|10685|189|2.06999999999999990E+001|2006
10699|10699|311|6.06000000000000010E+001|2006
10707|10707|612|3.01999999999999990E+001|2006
10728|10728|64|6.02000000000000030E+001|2006
10736|10736|314|1.01999999999999990E+001|2006
10755|10755|548|5.05000000000000000E+001|2006
10779|10779|612|3.03000000000000010E+001|2006
10784|10784|612|2.01999999999999990E+001|2006
10808|10808|310|4.03999999999999990E+001|2006
10830|10830|270|7.07000000000000030E+001|2006
10838|10838|131|6.06000000000000010E+001|2006
10861|10861|211|3.05000000000000000E+001|2006
10869|10869|153|9.02000000000000030E+001|2006
10881|10881|33|5.07999999999999970E+001|2006
10905|10905|52|5.06000000000000010E+001|2006
10914|10914|212|5.05000000000000000E+001|2006
10938|10938|359|7.07999999999999970E+001|2006
10956|10956|7|6.07000000000000030E+001|2006
10964|10964|9|4.07000000000000030E+001|2006
10991|10991|26|1.00000000000000000E+001|2006
10999|10999|22|7.07000000000000030E+001|2006
11015|11015|50|9.05000000000000000E+001|2006
11039|11039|326|2.01999999999999990E+001|2006
11044|11044|331|4.07000000000000030E+001|2006
11068|11068|609|6.06000000000000010E+001|2006
11082|11082|552|9.09000000000000060E+001|2006
11090|11090|347|3.03000000000000010E+001|2006
11113|11113|60|5.05000000000000000E+001|2006
11121|11121|69|6.06000000000000010E+001|2006
11141|11141|635|2.99999999999999990E-001|2006
11165|11165|372|5.00000000000000000E+001|2006
11174|11174|14|1.01999999999999990E+001|2006
11198|11198|28|8.00000000000000040E-001|2006
11208|11208|5|9.00000000000000020E-001|2006
11216|11216|336|7.02999999999999970E+001|2006
11243|11243|648|4.00000000000000020E-001|2006
11251|11251|368|5.07000000000000030E+001|2006
11270|11270|311|5.08999999999999990E+001|2006
11294|11294|322|7.07000000000000030E+001|2006
11301|11301|634|8.04000000000000060E+001|2006
11325|11325|217|4.00000000000000000E+001|2006
11339|11339|314|4.06000000000000010E+001|2006
11347|11347|300|3.05000000000000000E+001|2006
11368|11368|352|9.00000000000000000E+001|2006
11376|11376|335|1.01000000000000000E+001|2006
11396|11396|196|3.08000000000000010E+001|2006
11420|11420|208|3.01999999999999990E+001|2006
11431|11431|188|0.00000000000000000E+000|2006
11455|11455|258|5.05000000000000000E+001|2006
11465|11465|211|9.09000000000000060E+001|2006
11473|11473|212|8.07999999999999970E+001|2006
11498|11498|128|8.05999999999999940E+001|2006
11506|11506|270|6.03999999999999990E+001|2006
11522|11522|131|7.07000000000000030E+001|2006
11546|11546|51|8.00999999999999940E+001|2006
11553|11553|222|2.01000000000000010E+001|2006
11577|11577|11|6.07999999999999970E+001|2006
11599|11599|163|9.04000000000000060E+001|2006
11607|11607|149|6.06000000000000010E+001|2006
11628|11628|144|4.02000000000000030E+001|2006
11636|11636|244|6.99999999999999960E-001|2006
11648|11648|207|4.06000000000000010E+001|2006
11672|11672|243|2.03999999999999990E+001|2006
11683|11683|226|5.05000000000000000E+001|2006
11707|11707|132|8.00000000000000040E-001|2006
11725|11725|315|3.03000000000000010E+001|2006
11733|11733|66|1.01999999999999990E+001|2006
11758|11758|339|6.06000000000000010E+001|2006
11766|11766|71|5.05000000000000000E+001|2006
11781|11781|337|9.02999999999999970E+001|2006
11805|11805|147|2.05000000000000000E+001|2006
11814|11814|257|7.07000000000000030E+001|2006
11838|11838|251|3.03000000000000010E+001|2006
11848|11848|4|7.00000000000000000E+001|2006
11856|11856|28|2.08000000000000010E+001|2006
11883|11883|60|6.01000000000000010E+001|2006
11891|11891|359|4.08999999999999990E+001|2006
11911|11911|25|3.05000000000000000E+001|2006
11935|11935|26|0.00000000000000000E+000|2006
11940|11940|9|6.02999999999999970E+001|2006
11964|11964|24|5.02000000000000030E+001|2006
11978|11978|358|9.00000000000000020E-001|2006
11986|11986|614|9.09000000000000060E+001|2006
18012|18012|360|1.08000000000000010E+001|2006
18023|18023|546|8.00999999999999940E+001|2006
18047|18047|648|2.99999999999999990E-001|2006
18059|18059|312|2.05000000000000000E+001|2006
18067|18067|40|8.09000000000000060E+001|2006
18088|18088|10|3.01999999999999990E+001|2006
18096|18096|5|3.01999999999999990E+001|2006
18118|18118|26|8.09000000000000060E+001|2006
18142|18142|299|1.04000000000000000E+001|2006
18149|18149|339|6.01000000000000010E+001|2006
18173|18173|311|6.06000000000000010E+001|2006
18189|18189|24|1.04000000000000000E+001|2006
18197|18197|23|0.00000000000000000E+000|2006
18222|18222|348|5.05000000000000000E+001|2006
18230|18230|49|7.02000000000000030E+001|2006
18240|18240|374|1.01000000000000000E+001|2006
18264|18264|300|1.03000000000000010E+001|2006
18275|18275|335|9.05000000000000000E+001|2006
18299|18299|7|9.09000000000000060E+001|2006
18319|18319|14|9.09000000000000060E+001|2006
18327|18327|311|7.00999999999999940E+001|2006
18348|18348|361|7.09000000000000060E+001|2006
18356|18356|153|5.08999999999999990E+001|2006
18370|18370|277|7.04000000000000060E+001|2006
18394|18394|225|1.06000000000000000E+001|2006
18401|18401|151|2.08000000000000010E+001|2006
18425|18425|176|6.06000000000000010E+001|2006
18432|18432|232|4.03999999999999990E+001|2006
18456|18456|39|5.07000000000000030E+001|2006
18467|18467|161|1.09000000000000000E+001|2006
