8|8|40|8.02999999999999970E+001|2005
16|16|301|7.07000000000000030E+001|2005
43|43|338|5.01000000000000010E+001|2005
51|51|31|9.09000000000000060E+001|2005
69|69|40|7.07000000000000030E+001|2005
93|93|22|4.03999999999999990E+001|2005
102|102|33|6.08999999999999990E+001|2005
126|126|37|9.02999999999999970E+001|2005
138|138|641|9.02000000000000030E+001|2005
146|146|536|0.00000000000000000E+000|2005
169|169|348|7.09000000000000060E+001|2005
177|177|50|8.07000000000000030E+001|2005
199|199|368|7.07000000000000030E+001|2005
223|223|369|3.06999999999999990E+001|2005
228|228|310|5.02000000000000030E+001|2005
252|252|50|2.01999999999999990E+001|2005
268|268|302|1.01000000000000000E+001|2005
276|276|310|2.06000000000000010E+001|2005
303|303|539|9.09000000000000060E+001|2005
311|311|360|3.03999999999999990E+001|2005
321|321|325|1.01000000000000000E+001|2005
345|345|262|7.07000000000000030E+001|2005
354|354|271|9.04000000000000060E+001|2005
378|378|161|9.09000000000000060E+001|2005
398|398|197|0.00000000000000000E+000|2005
406|406|143|1.04000000000000000E+001|2005
429|429|173|5.99999999999999980E-001|2005
437|437|273|4.07999999999999970E+001|2005
451|451|28|6.07000000000000030E+001|2005
475|475|265|4.05000000000000000E+001|2005
480|480|182|4.00000000000000000E+001|2005
504|504|312|8.07999999999999970E+001|2005
523|523|546|1.08000000000000010E+001|2005
531|531|54|7.07999999999999970E+001|2005
552|552|215|9.00999999999999940E+001|2005
560|560|161|8.00000000000000040E-001|2005
582|582|193|1.03000000000000010E+001|2005
606|606|176|1.00000000000000010E-001|2005
613|613|230|9.00000000000000020E-001|2005
637|637|314|7.07000000000000030E+001|2005
649|649|307|7.04000000000000060E+001|2005
657|657|329|4.08999999999999990E+001|2005
682|682|641|2.06000000000000010E+001|2005
690|690|614|3.03999999999999990E+001|2005
708|708|385|3.06999999999999990E+001|2005
732|732|302|8.07999999999999970E+001|2005
743|743|355|7.07000000000000030E+001|2005
767|767|38|8.00000000000000000E+001|2005
783|783|301|2.00000000000000010E-001|2005
791|791|307|0.00000000000000000E+000|2005
812|812|310|9.09000000000000060E+001|2005
820|820|616|1.01000000000000000E+001|2005
834|834|59|4.03999999999999990E+001|2005
858|858|614|1.06000000000000000E+001|2005
865|865|642|4.02000000000000030E+001|2005
889|889|49|1.00000000000000000E+001|2005
909|909|38|1.01999999999999990E+001|2005
917|917|40|8.07000000000000030E+001|2005
942|942|553|2.00000000000000010E-001|2005
950|950|374|9.07000000000000030E+001|2005
960|960|335|3.08999999999999990E+001|2005
984|984|298|7.02999999999999970E+001|2005
995|995|27|7.07000000000000030E+001|2005
1019|1019|359|6.06000000000000010E+001|2008
1038|1038|21|9.09000000000000060E+001|2008
1046|1046|339|1.01000000000000000E+001|2008
1069|1069|345|8.04000000000000060E+001|2008
1077|1077|322|8.07999999999999970E+001|2008
1091|1091|62|4.07999999999999970E+001|2008
1115|1115|53|8.07999999999999970E+001|2008
1120|1120|299|7.07000000000000030E+001|2008
1144|1144|632|9.04000000000000060E+001|2008
1164|1164|368|5.07000000000000030E+001|2008
1172|1172|335|3.01000000000000010E+001|2008
1199|1199|545|9.00000000000000000E+001|2008
1207|1207|337|8.07999999999999970E+001|2008
1217|1217|258|6.02000000000000030E+001|2008
1241|1241|8|2.01999999999999990E+001|2008
1250|1250|8|2.08999999999999990E+001|2008
1274|1274|121|3.01999999999999990E+001|2008
1290|1290|269|2.08999999999999990E+001|2008
1298|1298|131|4.07000000000000030E+001|2008
1321|1321|233|7.07000000000000030E+001|2008
1329|1329|250|4.06000000000000010E+001|2008
1351|1351|34|3.01999999999999990E+001|2008
1375|1375|185|7.02999999999999970E+001|2008
1380|1380|147|9.00000000000000020E-001|2008
1404|1404|273|7.02999999999999970E+001|2008
1416|1416|552|3.03000000000000010E+001|2008
1424|1424|631|2.03000000000000010E+001|2008
1451|1451|329|3.01000000000000010E+001|2008
1459|1459|155|8.04000000000000060E+001|2008
1477|1477|260|3.01999999999999990E+001|2008
1501|1501|172|9.09000000000000060E+001|2008
1510|1510|221|1.01000000000000000E+001|2008
1534|1534|644|1.06999999999999990E+001|2008
1549|1549|155|6.05000000000000000E+001|2008
1557|1557|162|1.01999999999999990E+001|2008
1582|1582|36|9.05999999999999940E+001|2008
1590|1590|35|0.00000000000000000E+000|2008
1600|1600|229|6.07999999999999970E+001|2008
1624|1624|261|4.07999999999999970E+001|2008
1635|1635|244|8.05000000000000000E+001|2008
1659|1659|279|2.03000000000000010E+001|2008
1679|1679|15|9.00000000000000000E+001|2008
1687|1687|32|9.02000000000000030E+001|2008
1708|1708|638|7.07000000000000030E+001|2008
1716|1716|37|1.06999999999999990E+001|2008
1730|1730|265|4.07000000000000030E+001|2008
1754|1754|190|2.08999999999999990E+001|2008
1761|1761|49|8.07999999999999970E+001|2008
1785|1785|548|9.09000000000000060E+001|2008
1801|1801|158|1.04000000000000000E+001|2008
1809|1809|277|1.04000000000000000E+001|2008
1834|1834|126|6.00000000000000000E+001|2008
1842|1842|211|6.06000000000000010E+001|2008
1860|1860|231|4.02999999999999970E+001|2008
1884|1884|312|1.09000000000000000E+001|2008
1895|1895|368|3.00000000000000000E+001|2008
1919|1919|369|3.03000000000000010E+001|2008
1931|1931|616|7.05999999999999940E+001|2008
1939|1939|641|9.07000000000000030E+001|2008
1960|1960|63|2.01999999999999990E+001|2008
1968|1968|336|3.03000000000000010E+001|2008
1990|1990|3|0.00000000000000000E+000|2008
2014|2014|26|1.03000000000000010E+001|2009
2021|2021|6|8.02999999999999970E+001|2009
2045|2045|34|7.02999999999999970E+001|2009
2052|2052|4|1.01000000000000000E+001|2009
2076|2076|32|7.05999999999999940E+001|2009
2087|2087|626|2.05000000000000000E+001|2009
2111|2111|5|7.07000000000000030E+001|2009
2121|2121|6|0.00000000000000000E+000|2009
2129|2129|16|5.07999999999999970E+001|2009
2154|2154|612|6.02999999999999970E+001|2009
2162|2162|539|8.05000000000000000E+001|2009
2182|2182|329|6.03999999999999990E+001|2009
2206|2206|304|7.07000000000000030E+001|2009
2213|2213|337|9.04000000000000060E+001|2009
2237|2237|300|9.09000000000000060E+001|2009
2251|2251|368|9.00000000000000020E-001|2009
2259|2259|133|5.03999999999999990E+001|2009
2280|2280|352|0.00000000000000000E+000|2009
2288|2288|301|0.00000000000000000E+000|2009
2304|2304|59|1.03000000000000010E+001|2009
2328|2328|609|8.00999999999999940E+001|2009
2339|2339|368|4.03999999999999990E+001|2009
2363|2363|298|2.01999999999999990E+001|2009
2381|2381|298|5.02000000000000030E+001|2009
2389|2389|302|7.07000000000000030E+001|2009
2414|2414|547|0.00000000000000000E+000|2009
2422|2422|368|5.05000000000000000E+001|2009
2434|2434|298|2.03000000000000010E+001|2009
2458|2458|552|0.00000000000000000E+000|2009
2465|2465|300|2.08999999999999990E+001|2009
2489|2489|609|4.02000000000000030E+001|2009
2511|2511|211|8.04000000000000060E+001|2009
2519|2519|28|1.06000000000000000E+001|2009
2540|2540|255|8.07999999999999970E+001|2009
2548|2548|269|8.00000000000000000E+001|2009
2567|2567|161|5.02999999999999970E+001|2009
2591|2591|277|6.00000000000000000E+001|2009
2596|2596|220|5.05000000000000000E+001|2009
2620|2620|14|6.06000000000000010E+001|2009
2634|2634|11|4.07000000000000030E+001|2009
2642|2642|25|1.01000000000000000E+001|2009
2665|2665|264|3.08000000000000010E+001|2009
2673|2673|187|0.00000000000000000E+000|2009
2693|2693|235|9.04000000000000060E+001|2009
2717|2717|315|7.07000000000000030E+001|2009
2726|2726|361|8.04000000000000060E+001|2009
2750|2750|302|8.07999999999999970E+001|2009
2760|2760|316|4.05000000000000000E+001|2009
2768|2768|150|9.07000000000000030E+001|2009
2795|2795|276|6.01000000000000010E+001|2009
2803|2803|186|9.02000000000000030E+001|2009
2819|2819|221|9.09000000000000060E+001|2009
2843|2843|156|9.07999999999999970E+001|2009
2848|2848|263|1.01999999999999990E+001|2009
2872|2872|352|7.00000000000000000E+001|2009
2894|2894|536|3.03000000000000010E+001|2009
2902|2902|552|9.00000000000000020E-001|2009
2925|2925|359|7.00999999999999940E+001|2009
2933|2933|316|5.05000000000000000E+001|2009
2945|2945|58|3.03000000000000010E+001|2009
2969|2969|17|7.00999999999999940E+001|2009
2978|2978|618|2.06999999999999990E+001|2009
3002|3002|536|8.07999999999999970E+001|2010
3020|3020|33|9.00000000000000000E+001|2010
3028|3028|642|1.01000000000000000E+001|2010
3055|3055|40|8.00000000000000000E+001|2010
3063|3063|25|0.00000000000000000E+000|2010
3074|3074|34|4.03999999999999990E+001|2010
3098|3098|607|7.09000000000000060E+001|2010
3105|3105|315|2.00000000000000010E-001|2010
3129|3129|26|3.08999999999999990E+001|2010
3151|3151|243|3.03000000000000010E+001|2010
3159|3159|277|7.02999999999999970E+001|2010
3180|3180|156|1.03000000000000010E+001|2010
3188|3188|132|4.01000000000000010E+001|2010
3200|3200|234|3.08999999999999990E+001|2010
3224|3224|31|6.02999999999999970E+001|2010
3235|3235|30|9.00999999999999940E+001|2010
3259|3259|358|5.02000000000000030E+001|2010
3277|3277|27|1.08000000000000010E+001|2010
3285|3285|638|7.02000000000000030E+001|2010
3310|3310|30|2.08999999999999990E+001|2010
3318|3318|6|3.03000000000000010E+001|2010
3334|3334|611|2.01999999999999990E+001|2010
3358|3358|368|4.00000000000000000E+001|2010
3365|3365|299|9.00000000000000000E+001|2010
3389|3389|343|7.07000000000000030E+001|2010
3403|3403|642|7.05000000000000000E+001|2010
3411|3411|345|5.05000000000000000E+001|2010
3432|3432|300|8.02000000000000030E+001|2010
3440|3440|633|0.00000000000000000E+000|2010
3460|3460|68|6.02999999999999970E+001|2010
3484|3484|542|3.06000000000000010E+001|2010
3495|3495|548|9.09000000000000060E+001|2010
3519|3519|21|3.03999999999999990E+001|2010
3529|3529|149|1.08000000000000010E+001|2010
3537|3537|180|1.01000000000000000E+001|2010
3562|3562|64|9.02000000000000030E+001|2010
3570|3570|609|7.00999999999999940E+001|2010
3585|3585|383|6.02999999999999970E+001|2010
3609|3609|611|2.08000000000000010E+001|2010
3618|3618|614|4.01000000000000010E+001|2010
3642|3642|71|5.00000000000000000E+001|2010
3660|3660|348|4.03999999999999990E+001|2010
3668|3668|35|0.00000000000000000E+000|2010
3695|3695|271|7.00999999999999940E+001|2010
3703|3703|234|4.03999999999999990E+001|2010
3715|3715|183|9.09000000000000060E+001|2010
3739|3739|326|3.03000000000000010E+001|2010
3744|3744|638|9.04000000000000060E+001|2010
3768|3768|157|2.05000000000000000E+001|2010
3790|3790|170|1.01000000000000000E+001|2010
3798|3798|149|2.01999999999999990E+001|2010
3821|3821|244|0.00000000000000000E+000|2010
3829|3829|176|8.07999999999999970E+001|2010
3845|3845|131|9.09000000000000060E+001|2010
3869|3869|383|9.07000000000000030E+001|2010
3878|3878|63|7.04000000000000060E+001|2010
3902|3902|343|4.08999999999999990E+001|2010
3912|3912|70|6.06000000000000010E+001|2010
3920|3920|311|7.07999999999999970E+001|2010
3947|3947|203|2.01000000000000010E+001|2010
3955|3955|196|2.01999999999999990E+001|2010
3975|3975|249|3.01000000000000010E+001|2010
3999|3999|224|7.05000000000000000E+001|2010
6015|6015|368|3.01000000000000010E+001|2001
6027|6027|60|6.08999999999999990E+001|2001
6035|6035|53|4.02000000000000030E+001|2001
6056|6056|3|6.06000000000000010E+001|2001
6064|6064|15|2.06999999999999990E+001|2001
6086|6086|269|8.09000000000000060E+001|2001
6110|6110|209|2.00000000000000010E-001|2001
6117|6117|49|5.05000000000000000E+001|2001
6141|6141|634|4.03999999999999990E+001|2001
6148|6148|52|4.03999999999999990E+001|2001
6172|6172|372|7.05000000000000000E+001|2001
6183|6183|279|8.07999999999999970E+001|2001
6207|6207|224|4.00000000000000000E+001|2001
6217|6217|189|8.07000000000000030E+001|2001
6225|6225|175|7.00999999999999940E+001|2001
6250|6250|17|4.03999999999999990E+001|2001
6258|6258|36|2.99999999999999990E-001|2001
6278|6278|11|7.04000000000000060E+001|2001
6302|6302|12|2.01999999999999990E+001|2001
6309|6309|33|4.02999999999999970E+001|2001
6333|6333|4|6.02000000000000030E+001|2001
6347|6347|20|2.00000000000000000E+001|2001
6355|6355|39|8.02000000000000030E+001|2001
6376|6376|8|1.06000000000000000E+001|2001
6384|6384|536|2.01000000000000010E+001|2001
6400|6400|352|6.06000000000000010E+001|2001
6424|6424|627|7.05999999999999940E+001|2001
6435|6435|302|4.08999999999999990E+001|2001
6459|6459|369|6.08999999999999990E+001|2001
6477|6477|51|2.01999999999999990E+001|2001
6485|6485|11|8.07999999999999970E+001|2001
6510|6510|59|4.03999999999999990E+001|2001
6518|6518|322|1.01000000000000000E+001|2001
6530|6530|553|2.05000000000000000E+001|2001
6554|6554|536|2.01999999999999990E+001|2001
6561|6561|642|6.06000000000000010E+001|2001
6585|6585|301|9.00999999999999940E+001|2001
6607|6607|299|1.01000000000000000E+001|2001
6615|6615|358|4.03999999999999990E+001|2001
6636|6636|135|2.03000000000000010E+001|2001
6644|6644|201|6.02999999999999970E+001|2001
6663|6663|369|7.05999999999999940E+001|2001
6687|6687|54|1.03000000000000010E+001|2001
6692|6692|62|5.05000000000000000E+001|2001
6716|6716|239|9.09000000000000060E+001|2001
6730|6730|3|7.04000000000000060E+001|2001
6738|6738|209|3.03000000000000010E+001|2001
6761|6761|237|6.07999999999999970E+001|2001
6769|6769|175|8.02000000000000030E+001|2001
6789|6789|163|6.99999999999999960E-001|2001
6813|6813|241|2.03000000000000010E+001|2001
6822|6822|249|5.07999999999999970E+001|2001
6846|6846|159|5.07000000000000030E+001|2001
6856|6856|233|6.02000000000000030E+001|2001
6864|6864|335|9.07000000000000030E+001|2001
6891|6891|264|2.01999999999999990E+001|2001
6899|6899|127|8.02999999999999970E+001|2001
6915|6915|29|2.03999999999999990E+001|2001
6939|6939|205|8.07999999999999970E+001|2001
6944|6944|272|1.00000000000000010E-001|2001
6968|6968|279|9.02000000000000030E+001|2001
6990|6990|121|8.07999999999999970E+001|2001
6998|6998|190|1.03000000000000010E+001|2001
7021|7021|161|8.00999999999999940E+001|2002
7029|7029|263|1.01000000000000000E+001|2002
7041|7041|219|4.03999999999999990E+001|2002
7065|7065|334|5.05000000000000000E+001|2002
7074|7074|361|5.00000000000000000E+001|2002
7098|7098|635|8.09000000000000060E+001|2002
7116|7116|637|1.08000000000000010E+001|2002
7124|7124|315|2.05000000000000000E+001|2002
7151|7151|215|9.00000000000000020E-001|2002
7159|7159|262|3.03000000000000010E+001|2002
7170|7170|123|8.05999999999999940E+001|2002
7194|7194|6|2.00000000000000010E-001|2002
7201|7201|13|8.07999999999999970E+001|2002
7225|7225|627|0.00000000000000000E+000|2002
7247|7247|16|5.01000000000000010E+001|2002
7255|7255|5|8.05999999999999940E+001|2002
7276|7276|23|1.04000000000000000E+001|2002
7284|7284|31|4.03999999999999990E+001|2002
7296|7296|20|8.00999999999999940E+001|2002
7320|7320|14|6.06000000000000010E+001|2002
7331|7331|39|9.09000000000000060E+001|2002
7355|7355|302|2.06999999999999990E+001|2002
7373|7373|70|5.07999999999999970E+001|2002
7381|7381|545|2.06999999999999990E+001|2002
7406|7406|299|7.00999999999999940E+001|2002
7414|7414|329|1.09000000000000000E+001|2002
7430|7430|642|6.03999999999999990E+001|2002
7454|7454|539|2.06999999999999990E+001|2002
7461|7461|368|4.06000000000000010E+001|2002
7485|7485|3|7.02000000000000030E+001|2002
7499|7499|355|3.01999999999999990E+001|2002
7507|7507|52|5.07999999999999970E+001|2002
7528|7528|642|1.06999999999999990E+001|2002
7536|7536|49|5.05000000000000000E+001|2002
7556|7556|374|8.07000000000000030E+001|2002
7580|7580|536|9.07000000000000030E+001|2002
7591|7591|301|2.01999999999999990E+001|2002
7615|7615|345|3.05000000000000000E+001|2002
7625|7625|224|3.01000000000000010E+001|2002
7633|7633|240|6.03999999999999990E+001|2002
7658|7658|334|7.04000000000000060E+001|2002
7666|7666|612|7.07000000000000030E+001|2002
7681|7681|298|7.07000000000000030E+001|2002
7705|7705|16|6.06000000000000010E+001|2002
7714|7714|10|9.09000000000000060E+001|2002
7738|7738|32|8.05000000000000000E+001|2002
7756|7756|50|3.03000000000000010E+001|2002
7764|7764|7|5.01000000000000010E+001|2002
7791|7791|635|8.00000000000000000E+001|2002
7799|7799|325|2.08000000000000010E+001|2002
7811|7811|612|2.99999999999999990E-001|2002
7835|7835|614|4.03999999999999990E+001|2002
7840|7840|60|6.00000000000000000E+001|2002
7864|7864|383|8.07999999999999970E+001|2002
7886|7886|10|4.07000000000000030E+001|2002
7894|7894|329|4.03999999999999990E+001|2002
7917|7917|352|7.09000000000000060E+001|2002
7925|7925|322|2.03999999999999990E+001|2002
7941|7941|547|5.01000000000000010E+001|2002
7965|7965|343|5.03999999999999990E+001|2002
7974|7974|302|9.07000000000000030E+001|2002
7998|7998|642|9.00000000000000020E-001|2002
8008|8008|545|7.04000000000000060E+001|2003
8016|8016|59|3.03000000000000010E+001|2003
8043|8043|127|6.06000000000000010E+001|2003
8051|8051|236|3.06000000000000010E+001|2003
8071|8071|245|5.08999999999999990E+001|2003
8095|8095|35|9.02999999999999970E+001|2003
8100|8100|17|6.05000000000000000E+001|2003
8124|8124|59|1.01000000000000000E+001|2003
8138|8138|632|9.09000000000000060E+001|2003
8146|8146|311|2.01999999999999990E+001|2003
8169|8169|536|5.99999999999999980E-001|2003
8177|8177|131|6.01000000000000010E+001|2003
8200|8200|372|3.06000000000000010E+001|2003
8208|8208|53|7.07999999999999970E+001|2003
8235|8235|300|4.06000000000000010E+001|2003
8243|8243|311|9.02000000000000030E+001|2003
8261|8261|231|3.03000000000000010E+001|2003
8285|8285|158|1.04000000000000000E+001|2003
8294|8294|208|9.09000000000000060E+001|2003
8318|8318|224|8.07999999999999970E+001|2003
8330|8330|132|6.99999999999999960E-001|2003
8338|8338|267|6.05000000000000000E+001|2003
8361|8361|236|9.09000000000000060E+001|2003
8369|8369|149|2.01999999999999990E+001|2003
8391|8391|223|3.03000000000000010E+001|2003
8415|8415|71|6.99999999999999960E-001|2003
8420|8420|189|4.00000000000000020E-001|2003
8444|8444|177|7.00000000000000000E+001|2003
8460|8460|271|7.07000000000000030E+001|2003
8468|8468|258|7.04000000000000060E+001|2003
8495|8495|198|3.00000000000000000E+001|2003
8503|8503|259|2.08999999999999990E+001|2003
8513|8513|270|6.06000000000000010E+001|2003
8537|8537|69|9.09000000000000060E+001|2003
8546|8546|343|7.07000000000000030E+001|2003
8570|8570|28|6.02000000000000030E+001|2003
8590|8590|15|5.00000000000000000E-001|2003
8598|8598|9|7.07999999999999970E+001|2003
8621|8621|4|4.07999999999999970E+001|2003
8629|8629|40|1.01000000000000000E+001|2003
8643|8643|52|7.05999999999999940E+001|2003
8667|8667|31|5.00000000000000000E+001|2003
8672|8672|311|1.01000000000000000E+001|2003
8696|8696|546|2.03999999999999990E+001|2003
8715|8715|315|5.08999999999999990E+001|2003
8723|8723|334|4.00000000000000020E-001|2003
8744|8744|609|7.00000000000000000E+001|2003
8752|8752|53|1.04000000000000000E+001|2003
8774|8774|23|9.00999999999999940E+001|2003
8798|8798|36|8.07000000000000030E+001|2003
8805|8805|539|8.00000000000000000E+001|2003
8829|8829|62|7.04000000000000060E+001|2003
8841|8841|329|5.05000000000000000E+001|2003
8849|8849|611|0.00000000000000000E+000|2003
8874|8874|58|4.05000000000000000E+001|2003
8882|8882|369|7.04000000000000060E+001|2003
8900|8900|223|7.00999999999999940E+001|2003
8924|8924|202|1.05000000000000000E+001|2003
8935|8935|165|3.08000000000000010E+001|2003
8959|8959|18|2.00000000000000010E-001|2003
8975|8975|18|4.05000000000000000E+001|2003
8983|8983|338|3.06000000000000010E+001|2003
9004|9004|300|9.07999999999999970E+001|2008
9012|9012|542|0.00000000000000000E+000|2008
9026|9026|616|7.05000000000000000E+001|2008
9050|9050|272|6.06000000000000010E+001|2008
9057|9057|124|2.06999999999999990E+001|2008
9081|9081|612|8.07999999999999970E+001|2008
9101|9101|337|6.01000000000000010E+001|2008
9109|9109|612|1.00000000000000010E-001|2008
9134|9134|255|6.05000000000000000E+001|2008
9142|9142|186|2.01999999999999990E+001|2008
9152|9152|33|6.06000000000000010E+001|2008
9176|9176|183|9.05999999999999940E+001|2008
9187|9187|64|9.09000000000000060E+001|2008
9211|9211|546|2.05000000000000000E+001|2008
9230|9230|33|3.05000000000000000E+001|2008
9238|9238|25|6.02999999999999970E+001|2008
9261|9261|21|9.09000000000000060E+001|2008
9269|9269|36|7.07000000000000030E+001|2008
9283|9283|11|9.07000000000000030E+001|2008
9307|9307|311|5.00000000000000000E-001|2008
9312|9312|338|6.03999999999999990E+001|2008
9336|9336|310|6.02000000000000030E+001|2008
9356|9356|548|7.07999999999999970E+001|2008
9364|9364|314|6.00000000000000000E+001|2008
9391|9391|611|5.05000000000000000E+001|2008
9399|9399|352|0.00000000000000000E+000|2008
9409|9409|612|3.01000000000000010E+001|2008
9433|9433|626|5.02999999999999970E+001|2008
9442|9442|59|9.09000000000000060E+001|2008
9466|9466|310|6.06000000000000010E+001|2008
9482|9482|345|7.07000000000000030E+001|2008
9490|9490|626|8.02999999999999970E+001|2008
9513|9513|339|9.02000000000000030E+001|2008
9521|9521|611|5.99999999999999980E-001|2008
9543|9543|336|1.03000000000000010E+001|2008
9567|9567|232|6.03999999999999990E+001|2008
9572|9572|279|5.00000000000000000E-001|2008
9596|9596|222|5.05000000000000000E+001|2008
9608|9608|18|1.01000000000000000E+001|2008
9616|9616|8|8.04000000000000060E+001|2008
9643|9643|536|9.09000000000000060E+001|2008
9651|9651|310|6.02000000000000030E+001|2008
9669|9669|311|8.07999999999999970E+001|2008
9693|9693|348|1.00000000000000000E+001|2008
9702|9702|312|2.01999999999999990E+001|2008
9726|9726|253|8.07999999999999970E+001|2008
9741|9741|43|6.07000000000000030E+001|2008
9749|9749|633|8.00999999999999940E+001|2008
9774|9774|51|5.99999999999999980E-001|2008
9782|9782|51|1.00000000000000010E-001|2008
9792|9792|360|3.03000000000000010E+001|2008
9816|9816|13|7.00999999999999940E+001|2008
9827|9827|203|6.99999999999999960E-001|2008
9851|9851|279|1.06999999999999990E+001|2008
9871|9871|133|4.03999999999999990E+001|2008
9879|9879|192|9.05000000000000000E+001|2008
9900|9900|189|6.06000000000000010E+001|2008
9908|9908|259|9.07999999999999970E+001|2008
9922|9922|239|9.04000000000000060E+001|2008
9946|9946|159|8.07999999999999970E+001|2008
9953|9953|264|5.07999999999999970E+001|2008
9977|9977|222|3.05000000000000000E+001|2008
9993|9993|23|6.05000000000000000E+001|2008
10001|10001|3|2.01999999999999990E+001|2006
10026|10026|271|2.00000000000000010E-001|2006
10034|10034|182|5.99999999999999980E-001|2006
10052|10052|121|4.07999999999999970E+001|2006
10076|10076|175|2.01999999999999990E+001|2006
10087|10087|121|3.05000000000000000E+001|2006
10111|10111|249|6.07000000000000030E+001|2006
10123|10123|190|1.06999999999999990E+001|2006
10131|10131|241|5.00000000000000000E+001|2006
10152|10152|298|7.00999999999999940E+001|2006
10160|10160|539|6.08999999999999990E+001|2006
10182|10182|3|3.03000000000000010E+001|2006
10206|10206|15|0.00000000000000000E+000|2006
10213|10213|25|6.01000000000000010E+001|2006
10237|10237|632|9.05000000000000000E+001|2006
10244|10244|374|6.06000000000000010E+001|2006
10268|10268|632|8.07000000000000030E+001|2006
10279|10279|536|9.02000000000000030E+001|2006
10303|10303|545|6.06000000000000010E+001|2006
10313|10313|543|1.01000000000000000E+001|2006
10321|10321|609|4.03999999999999990E+001|2006
10346|10346|49|5.02000000000000030E+001|2006
10354|10354|610|9.07999999999999970E+001|2006
10374|10374|37|1.00000000000000010E-001|2006
10398|10398|631|3.06000000000000010E+001|2006
10405|10405|25|8.07999999999999970E+001|2006
10429|10429|612|1.04000000000000000E+001|2006
10443|10443|331|6.05000000000000000E+001|2006
10451|10451|68|8.05000000000000000E+001|2006
10472|10472|51|9.04000000000000060E+001|2006
10480|10480|359|9.09000000000000060E+001|2006
10496|10496|631|7.07000000000000030E+001|2006
10520|10520|162|2.01999999999999990E+001|2006
10531|10531|182|4.08999999999999990E+001|2006
10555|10555|4|5.06000000000000010E+001|2006
10573|10573|7|5.99999999999999980E-001|2006
10581|10581|52|6.06000000000000010E+001|2006
10606|10606|612|9.09000000000000060E+001|2006
10614|10614|57|2.00000000000000000E+001|2006
10626|10626|553|7.07999999999999970E+001|2006
10650|10650|311|5.07000000000000030E+001|2006
10657|10657|69|4.02000000000000030E+001|2006
10681|10681|135|8.07999999999999970E+001|2006
10703|10703|64|6.01000000000000010E+001|2006
10711|10711|62|1.01000000000000000E+001|2006
10732|10732|331|1.00000000000000010E-001|2006
10740|10740|273|9.07999999999999970E+001|2006
10759|10759|612|8.07999999999999970E+001|2006
10783|10783|536|2.00000000000000000E+001|2006
10788|10788|326|5.07999999999999970E+001|2006
10812|10812|310|1.04000000000000000E+001|2006
10826|10826|140|3.08999999999999990E+001|2006
10834|10834|130|3.00000000000000000E+001|2006
10857|10857|242|4.03999999999999990E+001|2006
10865|10865|231|4.06000000000000010E+001|2006
10885|10885|18|8.00000000000000040E-001|2006
10909|10909|546|2.05000000000000000E+001|2006
10918|10918|355|2.00000000000000000E+001|2006
10942|10942|369|4.03999999999999990E+001|2006
10952|10952|23|0.00000000000000000E+000|2006
10960|10960|18|3.01999999999999990E+001|2006
10987|10987|29|2.00000000000000000E+001|2006
10995|10995|37|2.03999999999999990E+001|2006
11011|11011|302|6.01000000000000010E+001|2006
11035|11035|326|7.07000000000000030E+001|2006
11040|11040|335|5.07000000000000030E+001|2006
11064|11064|7|8.09000000000000060E+001|2006
11086|11086|310|7.07000000000000030E+001|2006
11094|11094|547|1.03000000000000010E+001|2006
11117|11117|326|4.06000000000000010E+001|2006
11125|11125|432|7.02000000000000030E+001|2006
11137|11137|316|9.09000000000000060E+001|2006
11161|11161|547|9.09000000000000060E+001|2006
11170|11170|35|7.07000000000000030E+001|2006
11194|11194|37|9.04000000000000060E+001|2006
11212|11212|631|7.00999999999999940E+001|2006
11220|11220|53|9.07000000000000030E+001|2006
11247|11247|326|7.02999999999999970E+001|2006
11255|11255|627|5.02000000000000030E+001|2006
11266|11266|63|3.08000000000000010E+001|2006
11290|11290|298|4.03999999999999990E+001|2006
11297|11297|335|7.07000000000000030E+001|2006
11321|11321|230|9.00999999999999940E+001|2006
11343|11343|612|2.06999999999999990E+001|2006
11351|11351|637|5.08999999999999990E+001|2006
11372|11372|55|2.06999999999999990E+001|2006
11380|11380|224|5.08999999999999990E+001|2006
11392|11392|175|4.03999999999999990E+001|2006
11416|11416|161|1.01000000000000000E+001|2006
11427|11427|218|7.09000000000000060E+001|2006
11451|11451|178|5.02000000000000030E+001|2006
11469|11469|245|8.07000000000000030E+001|2006
11477|11477|175|4.03999999999999990E+001|2006
11502|11502|204|9.05000000000000000E+001|2006
11510|11510|160|2.03999999999999990E+001|2006
11526|11526|178|0.00000000000000000E+000|2006
11550|11550|631|5.08999999999999990E+001|2006
11557|11557|224|2.00000000000000010E-001|2006
11581|11581|23|6.06000000000000010E+001|2006
11595|11595|231|4.02999999999999970E+001|2006
11603|11603|275|9.05999999999999940E+001|2006
11624|11624|176|8.09000000000000060E+001|2006
11632|11632|237|5.06000000000000010E+001|2006
11652|11652|211|6.06000000000000010E+001|2006
11676|11676|196|5.00000000000000000E+001|2006
11687|11687|251|9.09000000000000060E+001|2006
11711|11711|145|9.07999999999999970E+001|2006
11721|11721|337|7.07999999999999970E+001|2006
11729|11729|49|3.00000000000000000E+001|2006
11754|11754|547|5.05000000000000000E+001|2006
11762|11762|635|2.06999999999999990E+001|2006
11777|11777|331|7.02999999999999970E+001|2006
11801|11801|215|7.02000000000000030E+001|2006
11810|11810|166|2.06000000000000010E+001|2006
11834|11834|185|9.09000000000000060E+001|2006
11852|11852|21|5.08999999999999990E+001|2006
11860|11860|34|8.00999999999999940E+001|2006
11887|11887|326|2.03000000000000010E+001|2006
11895|11895|314|7.07000000000000030E+001|2006
11907|11907|11|8.09000000000000060E+001|2006
11931|11931|39|3.08999999999999990E+001|2006
11936|11936|14|9.07000000000000030E+001|2006
11960|11960|23|8.07999999999999970E+001|2006
11982|11982|548|9.00999999999999940E+001|2006
11990|11990|311|7.04000000000000060E+001|2006
18008|18008|552|6.06000000000000010E+001|2006
18019|18019|301|5.05000000000000000E+001|2006
18043|18043|51|2.08999999999999990E+001|2006
18063|18063|38|3.03999999999999990E+001|2006
18071|18071|334|1.08000000000000010E+001|2006
18092|18092|33|3.08999999999999990E+001|2006
18100|18100|30|7.02000000000000030E+001|2006
18114|18114|33|1.03000000000000010E+001|2006
18138|18138|53|7.05000000000000000E+001|2006
18145|18145|634|8.00000000000000040E-001|2006
18169|18169|307|1.00000000000000010E-001|2006
18185|18185|29|2.01999999999999990E+001|2006
18193|18193|40|5.03999999999999990E+001|2006
18218|18218|642|1.06000000000000000E+001|2006
18226|18226|632|9.00000000000000000E+001|2006
18244|18244|298|1.01000000000000000E+001|2006
18268|18268|63|3.08000000000000010E+001|2006
18279|18279|337|2.99999999999999990E-001|2006
18303|18303|34|3.06000000000000010E+001|2006
18315|18315|24|3.03000000000000010E+001|2006
18323|18323|545|9.02000000000000030E+001|2006
18344|18344|40|6.00000000000000000E+001|2006
18352|18352|49|0.00000000000000000E+000|2006
18374|18374|258|9.02000000000000030E+001|2006
18398|18398|193|2.01000000000000010E+001|2006
18405|18405|209|3.01000000000000010E+001|2006
18429|18429|156|4.01000000000000010E+001|2006
18436|18436|178|2.03000000000000010E+001|2006
18460|18460|25|5.05000000000000000E+001|2006
18471|18471|221|9.00000000000000020E-001|2006
